Starting Debug Game: HeuristicPlayer vs HeuristicPlayer

==================== Round 1 | Player 0 to move ====================
Factories:
[[1 0 0 3 0]
 [0 1 1 1 1]
 [0 2 0 2 0]
 [0 1 1 0 2]
 [2 1 0 1 0]]
Center: [0 0 0 0 0] (First token: True)
Player 0 Score: 0
  Wall:
[[-1 -1 -1 -1 -1]
 [-1 -1 -1 -1 -1]
 [-1 -1 -1 -1 -1]
 [-1 -1 -1 -1 -1]
 [-1 -1 -1 -1 -1]]
  Pattern Lines:
    [-1]
    [-1 -1]
    [-1 -1 -1]
    [-1 -1 -1 -1]
    [-1 -1 -1 -1 -1]
  Floor Line: [-1 -1 -1 -1 -1 -1 -1]
Player 1 Score: 0
  Wall:
[[-1 -1 -1 -1 -1]
 [-1 -1 -1 -1 -1]
 [-1 -1 -1 -1 -1]
 [-1 -1 -1 -1 -1]
 [-1 -1 -1 -1 -1]]
  Pattern Lines:
    [-1]
    [-1 -1]
    [-1 -1 -1]
    [-1 -1 -1 -1]
    [-1 -1 -1 -1 -1]
  Floor Line: [-1 -1 -1 -1 -1 -1 -1]

>>> Action chosen: (0, 0, 0) (Source: 0, Color: 0, Dest: 0)

==================== Round 1 | Player 1 to move ====================
Factories:
[[0 0 0 0 0]
 [0 1 1 1 1]
 [0 2 0 2 0]
 [0 1 1 0 2]
 [2 1 0 1 0]]
Center: [0 0 0 3 0] (First token: True)
Player 0 Score: 0
  Wall:
[[-1 -1 -1 -1 -1]
 [-1 -1 -1 -1 -1]
 [-1 -1 -1 -1 -1]
 [-1 -1 -1 -1 -1]
 [-1 -1 -1 -1 -1]]
  Pattern Lines:
    [0]
    [-1 -1]
    [-1 -1 -1]
    [-1 -1 -1 -1]
    [-1 -1 -1 -1 -1]
  Floor Line: [-1 -1 -1 -1 -1 -1 -1]
Player 1 Score: 0
  Wall:
[[-1 -1 -1 -1 -1]
 [-1 -1 -1 -1 -1]
 [-1 -1 -1 -1 -1]
 [-1 -1 -1 -1 -1]
 [-1 -1 -1 -1 -1]]
  Pattern Lines:
    [-1]
    [-1 -1]
    [-1 -1 -1]
    [-1 -1 -1 -1]
    [-1 -1 -1 -1 -1]
  Floor Line: [-1 -1 -1 -1 -1 -1 -1]

>>> Action chosen: (1, 1, 0) (Source: 1, Color: 1, Dest: 0)

==================== Round 1 | Player 0 to move ====================
Factories:
[[0 0 0 0 0]
 [0 0 0 0 0]
 [0 2 0 2 0]
 [0 1 1 0 2]
 [2 1 0 1 0]]
Center: [0 0 1 4 1] (First token: True)
Player 0 Score: 0
  Wall:
[[-1 -1 -1 -1 -1]
 [-1 -1 -1 -1 -1]
 [-1 -1 -1 -1 -1]
 [-1 -1 -1 -1 -1]
 [-1 -1 -1 -1 -1]]
  Pattern Lines:
    [0]
    [-1 -1]
    [-1 -1 -1]
    [-1 -1 -1 -1]
    [-1 -1 -1 -1 -1]
  Floor Line: [-1 -1 -1 -1 -1 -1 -1]
Player 1 Score: 0
  Wall:
[[-1 -1 -1 -1 -1]
 [-1 -1 -1 -1 -1]
 [-1 -1 -1 -1 -1]
 [-1 -1 -1 -1 -1]
 [-1 -1 -1 -1 -1]]
  Pattern Lines:
    [1]
    [-1 -1]
    [-1 -1 -1]
    [-1 -1 -1 -1]
    [-1 -1 -1 -1 -1]
  Floor Line: [-1 -1 -1 -1 -1 -1 -1]

>>> Action chosen: (4, 0, 0) (Source: 4, Color: 0, Dest: 0)

==================== Round 1 | Player 1 to move ====================
Factories:
[[0 0 0 0 0]
 [0 0 0 0 0]
 [0 2 0 2 0]
 [0 1 1 0 2]
 [0 0 0 0 0]]
Center: [0 1 1 5 1] (First token: True)
Player 0 Score: 0
  Wall:
[[-1 -1 -1 -1 -1]
 [-1 -1 -1 -1 -1]
 [-1 -1 -1 -1 -1]
 [-1 -1 -1 -1 -1]
 [-1 -1 -1 -1 -1]]
  Pattern Lines:
    [0]
    [-1 -1]
    [-1 -1 -1]
    [-1 -1 -1 -1]
    [-1 -1 -1 -1 -1]
  Floor Line: [ 0  0 -1 -1 -1 -1 -1]
Player 1 Score: 0
  Wall:
[[-1 -1 -1 -1 -1]
 [-1 -1 -1 -1 -1]
 [-1 -1 -1 -1 -1]
 [-1 -1 -1 -1 -1]
 [-1 -1 -1 -1 -1]]
  Pattern Lines:
    [1]
    [-1 -1]
    [-1 -1 -1]
    [-1 -1 -1 -1]
    [-1 -1 -1 -1 -1]
  Floor Line: [-1 -1 -1 -1 -1 -1 -1]

>>> Action chosen: (2, 1, 0) (Source: 2, Color: 1, Dest: 0)

==================== Round 1 | Player 0 to move ====================
Factories:
[[0 0 0 0 0]
 [0 0 0 0 0]
 [0 0 0 0 0]
 [0 1 1 0 2]
 [0 0 0 0 0]]
Center: [0 1 1 7 1] (First token: True)
Player 0 Score: 0
  Wall:
[[-1 -1 -1 -1 -1]
 [-1 -1 -1 -1 -1]
 [-1 -1 -1 -1 -1]
 [-1 -1 -1 -1 -1]
 [-1 -1 -1 -1 -1]]
  Pattern Lines:
    [0]
    [-1 -1]
    [-1 -1 -1]
    [-1 -1 -1 -1]
    [-1 -1 -1 -1 -1]
  Floor Line: [ 0  0 -1 -1 -1 -1 -1]
Player 1 Score: 0
  Wall:
[[-1 -1 -1 -1 -1]
 [-1 -1 -1 -1 -1]
 [-1 -1 -1 -1 -1]
 [-1 -1 -1 -1 -1]
 [-1 -1 -1 -1 -1]]
  Pattern Lines:
    [1]
    [-1 -1]
    [-1 -1 -1]
    [-1 -1 -1 -1]
    [-1 -1 -1 -1 -1]
  Floor Line: [ 1  1 -1 -1 -1 -1 -1]

>>> Action chosen: (3, 1, 1) (Source: 3, Color: 1, Dest: 1)

==================== Round 1 | Player 1 to move ====================
Factories:
[[0 0 0 0 0]
 [0 0 0 0 0]
 [0 0 0 0 0]
 [0 0 0 0 0]
 [0 0 0 0 0]]
Center: [0 1 2 7 3] (First token: True)
Player 0 Score: 0
  Wall:
[[-1 -1 -1 -1 -1]
 [-1 -1 -1 -1 -1]
 [-1 -1 -1 -1 -1]
 [-1 -1 -1 -1 -1]
 [-1 -1 -1 -1 -1]]
  Pattern Lines:
    [0]
    [ 1 -1]
    [-1 -1 -1]
    [-1 -1 -1 -1]
    [-1 -1 -1 -1 -1]
  Floor Line: [ 0  0 -1 -1 -1 -1 -1]
Player 1 Score: 0
  Wall:
[[-1 -1 -1 -1 -1]
 [-1 -1 -1 -1 -1]
 [-1 -1 -1 -1 -1]
 [-1 -1 -1 -1 -1]
 [-1 -1 -1 -1 -1]]
  Pattern Lines:
    [1]
    [-1 -1]
    [-1 -1 -1]
    [-1 -1 -1 -1]
    [-1 -1 -1 -1 -1]
  Floor Line: [ 1  1 -1 -1 -1 -1 -1]

>>> Action chosen: (5, 1, 0) (Source: 5, Color: 1, Dest: 0)

==================== Round 1 | Player 0 to move ====================
Factories:
[[0 0 0 0 0]
 [0 0 0 0 0]
 [0 0 0 0 0]
 [0 0 0 0 0]
 [0 0 0 0 0]]
Center: [0 0 2 7 3] (First token: False)
Player 0 Score: 0
  Wall:
[[-1 -1 -1 -1 -1]
 [-1 -1 -1 -1 -1]
 [-1 -1 -1 -1 -1]
 [-1 -1 -1 -1 -1]
 [-1 -1 -1 -1 -1]]
  Pattern Lines:
    [0]
    [ 1 -1]
    [-1 -1 -1]
    [-1 -1 -1 -1]
    [-1 -1 -1 -1 -1]
  Floor Line: [ 0  0 -1 -1 -1 -1 -1]
Player 1 Score: 0
  Wall:
[[-1 -1 -1 -1 -1]
 [-1 -1 -1 -1 -1]
 [-1 -1 -1 -1 -1]
 [-1 -1 -1 -1 -1]
 [-1 -1 -1 -1 -1]]
  Pattern Lines:
    [1]
    [-1 -1]
    [-1 -1 -1]
    [-1 -1 -1 -1]
    [-1 -1 -1 -1 -1]
  Floor Line: [ 1  1  5  1 -1 -1 -1]

>>> Action chosen: (5, 2, 2) (Source: 5, Color: 2, Dest: 2)

==================== Round 1 | Player 1 to move ====================
Factories:
[[0 0 0 0 0]
 [0 0 0 0 0]
 [0 0 0 0 0]
 [0 0 0 0 0]
 [0 0 0 0 0]]
Center: [0 0 0 7 3] (First token: False)
Player 0 Score: 0
  Wall:
[[-1 -1 -1 -1 -1]
 [-1 -1 -1 -1 -1]
 [-1 -1 -1 -1 -1]
 [-1 -1 -1 -1 -1]
 [-1 -1 -1 -1 -1]]
  Pattern Lines:
    [0]
    [ 1 -1]
    [ 2  2 -1]
    [-1 -1 -1 -1]
    [-1 -1 -1 -1 -1]
  Floor Line: [ 0  0 -1 -1 -1 -1 -1]
Player 1 Score: 0
  Wall:
[[-1 -1 -1 -1 -1]
 [-1 -1 -1 -1 -1]
 [-1 -1 -1 -1 -1]
 [-1 -1 -1 -1 -1]
 [-1 -1 -1 -1 -1]]
  Pattern Lines:
    [1]
    [-1 -1]
    [-1 -1 -1]
    [-1 -1 -1 -1]
    [-1 -1 -1 -1 -1]
  Floor Line: [ 1  1  5  1 -1 -1 -1]

>>> Action chosen: (5, 3, 1) (Source: 5, Color: 3, Dest: 1)

==================== Round 1 | Player 0 to move ====================
Factories:
[[0 0 0 0 0]
 [0 0 0 0 0]
 [0 0 0 0 0]
 [0 0 0 0 0]
 [0 0 0 0 0]]
Center: [0 0 0 0 3] (First token: False)
Player 0 Score: 0
  Wall:
[[-1 -1 -1 -1 -1]
 [-1 -1 -1 -1 -1]
 [-1 -1 -1 -1 -1]
 [-1 -1 -1 -1 -1]
 [-1 -1 -1 -1 -1]]
  Pattern Lines:
    [0]
    [ 1 -1]
    [ 2  2 -1]
    [-1 -1 -1 -1]
    [-1 -1 -1 -1 -1]
  Floor Line: [ 0  0 -1 -1 -1 -1 -1]
Player 1 Score: 0
  Wall:
[[-1 -1 -1 -1 -1]
 [-1 -1 -1 -1 -1]
 [-1 -1 -1 -1 -1]
 [-1 -1 -1 -1 -1]
 [-1 -1 -1 -1 -1]]
  Pattern Lines:
    [1]
    [3 3]
    [-1 -1 -1]
    [-1 -1 -1 -1]
    [-1 -1 -1 -1 -1]
  Floor Line: [1 1 5 1 3 3 3]

>>> Action chosen: (5, 4, 3) (Source: 5, Color: 4, Dest: 3)

==================== Round 2 | Player 1 to move ====================
Factories:
[[1 3 0 0 0]
 [2 1 0 0 1]
 [0 1 1 2 0]
 [0 1 0 3 0]
 [1 1 2 0 0]]
Center: [0 0 0 0 0] (First token: True)
Player 0 Score: -1
  Wall:
[[ 0 -1 -1 -1 -1]
 [-1 -1 -1 -1 -1]
 [-1 -1 -1 -1 -1]
 [-1 -1 -1 -1 -1]
 [-1 -1 -1 -1 -1]]
  Pattern Lines:
    [-1]
    [ 1 -1]
    [ 2  2 -1]
    [ 4  4  4 -1]
    [-1 -1 -1 -1 -1]
  Floor Line: [-1 -1 -1 -1 -1 -1 -1]
Player 1 Score: -12
  Wall:
[[-1  1 -1 -1 -1]
 [-1 -1 -1 -1  3]
 [-1 -1 -1 -1 -1]
 [-1 -1 -1 -1 -1]
 [-1 -1 -1 -1 -1]]
  Pattern Lines:
    [-1]
    [-1 -1]
    [-1 -1 -1]
    [-1 -1 -1 -1]
    [-1 -1 -1 -1 -1]
  Floor Line: [-1 -1 -1 -1 -1 -1 -1]

>>> Action chosen: (0, 0, 0) (Source: 0, Color: 0, Dest: 0)

==================== Round 2 | Player 0 to move ====================
Factories:
[[0 0 0 0 0]
 [2 1 0 0 1]
 [0 1 1 2 0]
 [0 1 0 3 0]
 [1 1 2 0 0]]
Center: [0 3 0 0 0] (First token: True)
Player 0 Score: -1
  Wall:
[[ 0 -1 -1 -1 -1]
 [-1 -1 -1 -1 -1]
 [-1 -1 -1 -1 -1]
 [-1 -1 -1 -1 -1]
 [-1 -1 -1 -1 -1]]
  Pattern Lines:
    [-1]
    [ 1 -1]
    [ 2  2 -1]
    [ 4  4  4 -1]
    [-1 -1 -1 -1 -1]
  Floor Line: [-1 -1 -1 -1 -1 -1 -1]
Player 1 Score: -12
  Wall:
[[-1  1 -1 -1 -1]
 [-1 -1 -1 -1  3]
 [-1 -1 -1 -1 -1]
 [-1 -1 -1 -1 -1]
 [-1 -1 -1 -1 -1]]
  Pattern Lines:
    [0]
    [-1 -1]
    [-1 -1 -1]
    [-1 -1 -1 -1]
    [-1 -1 -1 -1 -1]
  Floor Line: [-1 -1 -1 -1 -1 -1 -1]

>>> Action chosen: (1, 4, 3) (Source: 1, Color: 4, Dest: 3)

==================== Round 2 | Player 1 to move ====================
Factories:
[[0 0 0 0 0]
 [0 0 0 0 0]
 [0 1 1 2 0]
 [0 1 0 3 0]
 [1 1 2 0 0]]
Center: [2 4 0 0 0] (First token: True)
Player 0 Score: -1
  Wall:
[[ 0 -1 -1 -1 -1]
 [-1 -1 -1 -1 -1]
 [-1 -1 -1 -1 -1]
 [-1 -1 -1 -1 -1]
 [-1 -1 -1 -1 -1]]
  Pattern Lines:
    [-1]
    [ 1 -1]
    [ 2  2 -1]
    [4 4 4 4]
    [-1 -1 -1 -1 -1]
  Floor Line: [-1 -1 -1 -1 -1 -1 -1]
Player 1 Score: -12
  Wall:
[[-1  1 -1 -1 -1]
 [-1 -1 -1 -1  3]
 [-1 -1 -1 -1 -1]
 [-1 -1 -1 -1 -1]
 [-1 -1 -1 -1 -1]]
  Pattern Lines:
    [0]
    [-1 -1]
    [-1 -1 -1]
    [-1 -1 -1 -1]
    [-1 -1 -1 -1 -1]
  Floor Line: [-1 -1 -1 -1 -1 -1 -1]

>>> Action chosen: (4, 0, 0) (Source: 4, Color: 0, Dest: 0)

==================== Round 2 | Player 0 to move ====================
Factories:
[[0 0 0 0 0]
 [0 0 0 0 0]
 [0 1 1 2 0]
 [0 1 0 3 0]
 [0 0 0 0 0]]
Center: [2 5 2 0 0] (First token: True)
Player 0 Score: -1
  Wall:
[[ 0 -1 -1 -1 -1]
 [-1 -1 -1 -1 -1]
 [-1 -1 -1 -1 -1]
 [-1 -1 -1 -1 -1]
 [-1 -1 -1 -1 -1]]
  Pattern Lines:
    [-1]
    [ 1 -1]
    [ 2  2 -1]
    [4 4 4 4]
    [-1 -1 -1 -1 -1]
  Floor Line: [-1 -1 -1 -1 -1 -1 -1]
Player 1 Score: -12
  Wall:
[[-1  1 -1 -1 -1]
 [-1 -1 -1 -1  3]
 [-1 -1 -1 -1 -1]
 [-1 -1 -1 -1 -1]
 [-1 -1 -1 -1 -1]]
  Pattern Lines:
    [0]
    [-1 -1]
    [-1 -1 -1]
    [-1 -1 -1 -1]
    [-1 -1 -1 -1 -1]
  Floor Line: [ 0 -1 -1 -1 -1 -1 -1]

>>> Action chosen: (2, 2, 2) (Source: 2, Color: 2, Dest: 2)

==================== Round 2 | Player 1 to move ====================
Factories:
[[0 0 0 0 0]
 [0 0 0 0 0]
 [0 0 0 0 0]
 [0 1 0 3 0]
 [0 0 0 0 0]]
Center: [2 6 2 2 0] (First token: True)
Player 0 Score: -1
  Wall:
[[ 0 -1 -1 -1 -1]
 [-1 -1 -1 -1 -1]
 [-1 -1 -1 -1 -1]
 [-1 -1 -1 -1 -1]
 [-1 -1 -1 -1 -1]]
  Pattern Lines:
    [-1]
    [ 1 -1]
    [2 2 2]
    [4 4 4 4]
    [-1 -1 -1 -1 -1]
  Floor Line: [-1 -1 -1 -1 -1 -1 -1]
Player 1 Score: -12
  Wall:
[[-1  1 -1 -1 -1]
 [-1 -1 -1 -1  3]
 [-1 -1 -1 -1 -1]
 [-1 -1 -1 -1 -1]
 [-1 -1 -1 -1 -1]]
  Pattern Lines:
    [0]
    [-1 -1]
    [-1 -1 -1]
    [-1 -1 -1 -1]
    [-1 -1 -1 -1 -1]
  Floor Line: [ 0 -1 -1 -1 -1 -1 -1]

>>> Action chosen: (5, 0, 0) (Source: 5, Color: 0, Dest: 0)

==================== Round 2 | Player 0 to move ====================
Factories:
[[0 0 0 0 0]
 [0 0 0 0 0]
 [0 0 0 0 0]
 [0 1 0 3 0]
 [0 0 0 0 0]]
Center: [0 6 2 2 0] (First token: False)
Player 0 Score: -1
  Wall:
[[ 0 -1 -1 -1 -1]
 [-1 -1 -1 -1 -1]
 [-1 -1 -1 -1 -1]
 [-1 -1 -1 -1 -1]
 [-1 -1 -1 -1 -1]]
  Pattern Lines:
    [-1]
    [ 1 -1]
    [2 2 2]
    [4 4 4 4]
    [-1 -1 -1 -1 -1]
  Floor Line: [-1 -1 -1 -1 -1 -1 -1]
Player 1 Score: -12
  Wall:
[[-1  1 -1 -1 -1]
 [-1 -1 -1 -1  3]
 [-1 -1 -1 -1 -1]
 [-1 -1 -1 -1 -1]
 [-1 -1 -1 -1 -1]]
  Pattern Lines:
    [0]
    [-1 -1]
    [-1 -1 -1]
    [-1 -1 -1 -1]
    [-1 -1 -1 -1 -1]
  Floor Line: [ 0  5  0  0 -1 -1 -1]

>>> Action chosen: (5, 2, 2) (Source: 5, Color: 2, Dest: 2)

==================== Round 2 | Player 1 to move ====================
Factories:
[[0 0 0 0 0]
 [0 0 0 0 0]
 [0 0 0 0 0]
 [0 1 0 3 0]
 [0 0 0 0 0]]
Center: [0 6 0 2 0] (First token: False)
Player 0 Score: -1
  Wall:
[[ 0 -1 -1 -1 -1]
 [-1 -1 -1 -1 -1]
 [-1 -1 -1 -1 -1]
 [-1 -1 -1 -1 -1]
 [-1 -1 -1 -1 -1]]
  Pattern Lines:
    [-1]
    [ 1 -1]
    [2 2 2]
    [4 4 4 4]
    [-1 -1 -1 -1 -1]
  Floor Line: [ 2  2 -1 -1 -1 -1 -1]
Player 1 Score: -12
  Wall:
[[-1  1 -1 -1 -1]
 [-1 -1 -1 -1  3]
 [-1 -1 -1 -1 -1]
 [-1 -1 -1 -1 -1]
 [-1 -1 -1 -1 -1]]
  Pattern Lines:
    [0]
    [-1 -1]
    [-1 -1 -1]
    [-1 -1 -1 -1]
    [-1 -1 -1 -1 -1]
  Floor Line: [ 0  5  0  0 -1 -1 -1]

>>> Action chosen: (3, 1, 1) (Source: 3, Color: 1, Dest: 1)

==================== Round 2 | Player 0 to move ====================
Factories:
[[0 0 0 0 0]
 [0 0 0 0 0]
 [0 0 0 0 0]
 [0 0 0 0 0]
 [0 0 0 0 0]]
Center: [0 6 0 5 0] (First token: False)
Player 0 Score: -1
  Wall:
[[ 0 -1 -1 -1 -1]
 [-1 -1 -1 -1 -1]
 [-1 -1 -1 -1 -1]
 [-1 -1 -1 -1 -1]
 [-1 -1 -1 -1 -1]]
  Pattern Lines:
    [-1]
    [ 1 -1]
    [2 2 2]
    [4 4 4 4]
    [-1 -1 -1 -1 -1]
  Floor Line: [ 2  2 -1 -1 -1 -1 -1]
Player 1 Score: -12
  Wall:
[[-1  1 -1 -1 -1]
 [-1 -1 -1 -1  3]
 [-1 -1 -1 -1 -1]
 [-1 -1 -1 -1 -1]
 [-1 -1 -1 -1 -1]]
  Pattern Lines:
    [0]
    [ 1 -1]
    [-1 -1 -1]
    [-1 -1 -1 -1]
    [-1 -1 -1 -1 -1]
  Floor Line: [ 0  5  0  0 -1 -1 -1]

>>> Action chosen: (5, 1, 1) (Source: 5, Color: 1, Dest: 1)

==================== Round 2 | Player 1 to move ====================
Factories:
[[0 0 0 0 0]
 [0 0 0 0 0]
 [0 0 0 0 0]
 [0 0 0 0 0]
 [0 0 0 0 0]]
Center: [0 0 0 5 0] (First token: False)
Player 0 Score: -1
  Wall:
[[ 0 -1 -1 -1 -1]
 [-1 -1 -1 -1 -1]
 [-1 -1 -1 -1 -1]
 [-1 -1 -1 -1 -1]
 [-1 -1 -1 -1 -1]]
  Pattern Lines:
    [-1]
    [1 1]
    [2 2 2]
    [4 4 4 4]
    [-1 -1 -1 -1 -1]
  Floor Line: [2 2 1 1 1 1 1]
Player 1 Score: -12
  Wall:
[[-1  1 -1 -1 -1]
 [-1 -1 -1 -1  3]
 [-1 -1 -1 -1 -1]
 [-1 -1 -1 -1 -1]
 [-1 -1 -1 -1 -1]]
  Pattern Lines:
    [0]
    [ 1 -1]
    [-1 -1 -1]
    [-1 -1 -1 -1]
    [-1 -1 -1 -1 -1]
  Floor Line: [ 0  5  0  0 -1 -1 -1]

>>> Action chosen: (5, 3, 2) (Source: 5, Color: 3, Dest: 2)

==================== Round 3 | Player 1 to move ====================
Factories:
[[0 0 0 2 2]
 [0 2 1 0 1]
 [0 1 1 0 2]
 [0 0 3 0 1]
 [0 1 2 0 1]]
Center: [0 0 0 0 0] (First token: True)
Player 0 Score: -12
  Wall:
[[ 0 -1 -1 -1 -1]
 [-1 -1  1 -1 -1]
 [-1 -1 -1 -1  2]
 [-1 -1  4 -1 -1]
 [-1 -1 -1 -1 -1]]
  Pattern Lines:
    [-1]
    [-1 -1]
    [-1 -1 -1]
    [-1 -1 -1 -1]
    [-1 -1 -1 -1 -1]
  Floor Line: [-1 -1 -1 -1 -1 -1 -1]
Player 1 Score: -20
  Wall:
[[ 0  1 -1 -1 -1]
 [-1 -1 -1 -1  3]
 [ 3 -1 -1 -1 -1]
 [-1 -1 -1 -1 -1]
 [-1 -1 -1 -1 -1]]
  Pattern Lines:
    [-1]
    [ 1 -1]
    [-1 -1 -1]
    [-1 -1 -1 -1]
    [-1 -1 -1 -1 -1]
  Floor Line: [-1 -1 -1 -1 -1 -1 -1]

>>> Action chosen: (1, 1, 1) (Source: 1, Color: 1, Dest: 1)

==================== Round 3 | Player 0 to move ====================
Factories:
[[0 0 0 2 2]
 [0 0 0 0 0]
 [0 1 1 0 2]
 [0 0 3 0 1]
 [0 1 2 0 1]]
Center: [0 0 1 0 1] (First token: True)
Player 0 Score: -12
  Wall:
[[ 0 -1 -1 -1 -1]
 [-1 -1  1 -1 -1]
 [-1 -1 -1 -1  2]
 [-1 -1  4 -1 -1]
 [-1 -1 -1 -1 -1]]
  Pattern Lines:
    [-1]
    [-1 -1]
    [-1 -1 -1]
    [-1 -1 -1 -1]
    [-1 -1 -1 -1 -1]
  Floor Line: [-1 -1 -1 -1 -1 -1 -1]
Player 1 Score: -20
  Wall:
[[ 0  1 -1 -1 -1]
 [-1 -1 -1 -1  3]
 [ 3 -1 -1 -1 -1]
 [-1 -1 -1 -1 -1]
 [-1 -1 -1 -1 -1]]
  Pattern Lines:
    [-1]
    [1 1]
    [-1 -1 -1]
    [-1 -1 -1 -1]
    [-1 -1 -1 -1 -1]
  Floor Line: [ 1 -1 -1 -1 -1 -1 -1]

>>> Action chosen: (0, 3, 0) (Source: 0, Color: 3, Dest: 0)

==================== Round 3 | Player 1 to move ====================
Factories:
[[0 0 0 0 0]
 [0 0 0 0 0]
 [0 1 1 0 2]
 [0 0 3 0 1]
 [0 1 2 0 1]]
Center: [0 0 1 0 3] (First token: True)
Player 0 Score: -12
  Wall:
[[ 0 -1 -1 -1 -1]
 [-1 -1  1 -1 -1]
 [-1 -1 -1 -1  2]
 [-1 -1  4 -1 -1]
 [-1 -1 -1 -1 -1]]
  Pattern Lines:
    [3]
    [-1 -1]
    [-1 -1 -1]
    [-1 -1 -1 -1]
    [-1 -1 -1 -1 -1]
  Floor Line: [ 3 -1 -1 -1 -1 -1 -1]
Player 1 Score: -20
  Wall:
[[ 0  1 -1 -1 -1]
 [-1 -1 -1 -1  3]
 [ 3 -1 -1 -1 -1]
 [-1 -1 -1 -1 -1]
 [-1 -1 -1 -1 -1]]
  Pattern Lines:
    [-1]
    [1 1]
    [-1 -1 -1]
    [-1 -1 -1 -1]
    [-1 -1 -1 -1 -1]
  Floor Line: [ 1 -1 -1 -1 -1 -1 -1]

>>> Action chosen: (2, 1, 1) (Source: 2, Color: 1, Dest: 1)

==================== Round 3 | Player 0 to move ====================
Factories:
[[0 0 0 0 0]
 [0 0 0 0 0]
 [0 0 0 0 0]
 [0 0 3 0 1]
 [0 1 2 0 1]]
Center: [0 0 2 0 5] (First token: True)
Player 0 Score: -12
  Wall:
[[ 0 -1 -1 -1 -1]
 [-1 -1  1 -1 -1]
 [-1 -1 -1 -1  2]
 [-1 -1  4 -1 -1]
 [-1 -1 -1 -1 -1]]
  Pattern Lines:
    [3]
    [-1 -1]
    [-1 -1 -1]
    [-1 -1 -1 -1]
    [-1 -1 -1 -1 -1]
  Floor Line: [ 3 -1 -1 -1 -1 -1 -1]
Player 1 Score: -20
  Wall:
[[ 0  1 -1 -1 -1]
 [-1 -1 -1 -1  3]
 [ 3 -1 -1 -1 -1]
 [-1 -1 -1 -1 -1]
 [-1 -1 -1 -1 -1]]
  Pattern Lines:
    [-1]
    [1 1]
    [-1 -1 -1]
    [-1 -1 -1 -1]
    [-1 -1 -1 -1 -1]
  Floor Line: [ 1  1 -1 -1 -1 -1 -1]

>>> Action chosen: (3, 2, 1) (Source: 3, Color: 2, Dest: 1)

==================== Round 3 | Player 1 to move ====================
Factories:
[[0 0 0 0 0]
 [0 0 0 0 0]
 [0 0 0 0 0]
 [0 0 0 0 0]
 [0 1 2 0 1]]
Center: [0 0 2 0 6] (First token: True)
Player 0 Score: -12
  Wall:
[[ 0 -1 -1 -1 -1]
 [-1 -1  1 -1 -1]
 [-1 -1 -1 -1  2]
 [-1 -1  4 -1 -1]
 [-1 -1 -1 -1 -1]]
  Pattern Lines:
    [3]
    [2 2]
    [-1 -1 -1]
    [-1 -1 -1 -1]
    [-1 -1 -1 -1 -1]
  Floor Line: [ 3  2 -1 -1 -1 -1 -1]
Player 1 Score: -20
  Wall:
[[ 0  1 -1 -1 -1]
 [-1 -1 -1 -1  3]
 [ 3 -1 -1 -1 -1]
 [-1 -1 -1 -1 -1]
 [-1 -1 -1 -1 -1]]
  Pattern Lines:
    [-1]
    [1 1]
    [-1 -1 -1]
    [-1 -1 -1 -1]
    [-1 -1 -1 -1 -1]
  Floor Line: [ 1  1 -1 -1 -1 -1 -1]

>>> Action chosen: (4, 1, 1) (Source: 4, Color: 1, Dest: 1)

==================== Round 3 | Player 0 to move ====================
Factories:
[[0 0 0 0 0]
 [0 0 0 0 0]
 [0 0 0 0 0]
 [0 0 0 0 0]
 [0 0 0 0 0]]
Center: [0 0 4 0 7] (First token: True)
Player 0 Score: -12
  Wall:
[[ 0 -1 -1 -1 -1]
 [-1 -1  1 -1 -1]
 [-1 -1 -1 -1  2]
 [-1 -1  4 -1 -1]
 [-1 -1 -1 -1 -1]]
  Pattern Lines:
    [3]
    [2 2]
    [-1 -1 -1]
    [-1 -1 -1 -1]
    [-1 -1 -1 -1 -1]
  Floor Line: [ 3  2 -1 -1 -1 -1 -1]
Player 1 Score: -20
  Wall:
[[ 0  1 -1 -1 -1]
 [-1 -1 -1 -1  3]
 [ 3 -1 -1 -1 -1]
 [-1 -1 -1 -1 -1]
 [-1 -1 -1 -1 -1]]
  Pattern Lines:
    [-1]
    [1 1]
    [-1 -1 -1]
    [-1 -1 -1 -1]
    [-1 -1 -1 -1 -1]
  Floor Line: [ 1  1  1 -1 -1 -1 -1]

>>> Action chosen: (5, 2, 1) (Source: 5, Color: 2, Dest: 1)

==================== Round 3 | Player 1 to move ====================
Factories:
[[0 0 0 0 0]
 [0 0 0 0 0]
 [0 0 0 0 0]
 [0 0 0 0 0]
 [0 0 0 0 0]]
Center: [0 0 0 0 7] (First token: False)
Player 0 Score: -12
  Wall:
[[ 0 -1 -1 -1 -1]
 [-1 -1  1 -1 -1]
 [-1 -1 -1 -1  2]
 [-1 -1  4 -1 -1]
 [-1 -1 -1 -1 -1]]
  Pattern Lines:
    [3]
    [2 2]
    [-1 -1 -1]
    [-1 -1 -1 -1]
    [-1 -1 -1 -1 -1]
  Floor Line: [3 2 5 2 2 2 2]
Player 1 Score: -20
  Wall:
[[ 0  1 -1 -1 -1]
 [-1 -1 -1 -1  3]
 [ 3 -1 -1 -1 -1]
 [-1 -1 -1 -1 -1]
 [-1 -1 -1 -1 -1]]
  Pattern Lines:
    [-1]
    [1 1]
    [-1 -1 -1]
    [-1 -1 -1 -1]
    [-1 -1 -1 -1 -1]
  Floor Line: [ 1  1  1 -1 -1 -1 -1]

>>> Action chosen: (5, 4, 0) (Source: 5, Color: 4, Dest: 0)

==================== Round 4 | Player 0 to move ====================
Factories:
[[1 0 1 1 1]
 [2 0 1 1 0]
 [3 0 0 0 1]
 [1 0 0 2 1]
 [0 0 1 2 1]]
Center: [0 0 0 0 0] (First token: True)
Player 0 Score: -21
  Wall:
[[ 0 -1 -1  3 -1]
 [-1 -1  1  2 -1]
 [-1 -1 -1 -1  2]
 [-1 -1  4 -1 -1]
 [-1 -1 -1 -1 -1]]
  Pattern Lines:
    [-1]
    [-1 -1]
    [-1 -1 -1]
    [-1 -1 -1 -1]
    [-1 -1 -1 -1 -1]
  Floor Line: [-1 -1 -1 -1 -1 -1 -1]
Player 1 Score: -30
  Wall:
[[ 0  1 -1 -1  4]
 [-1 -1  1 -1  3]
 [ 3 -1 -1 -1 -1]
 [-1 -1 -1 -1 -1]
 [-1 -1 -1 -1 -1]]
  Pattern Lines:
    [-1]
    [-1 -1]
    [-1 -1 -1]
    [-1 -1 -1 -1]
    [-1 -1 -1 -1 -1]
  Floor Line: [-1 -1 -1 -1 -1 -1 -1]

>>> Action chosen: (0, 0, 1) (Source: 0, Color: 0, Dest: 1)

==================== Round 4 | Player 1 to move ====================
Factories:
[[0 0 0 0 0]
 [2 0 1 1 0]
 [3 0 0 0 1]
 [1 0 0 2 1]
 [0 0 1 2 1]]
Center: [0 0 1 1 1] (First token: True)
Player 0 Score: -21
  Wall:
[[ 0 -1 -1  3 -1]
 [-1 -1  1  2 -1]
 [-1 -1 -1 -1  2]
 [-1 -1  4 -1 -1]
 [-1 -1 -1 -1 -1]]
  Pattern Lines:
    [-1]
    [ 0 -1]
    [-1 -1 -1]
    [-1 -1 -1 -1]
    [-1 -1 -1 -1 -1]
  Floor Line: [-1 -1 -1 -1 -1 -1 -1]
Player 1 Score: -30
  Wall:
[[ 0  1 -1 -1  4]
 [-1 -1  1 -1  3]
 [ 3 -1 -1 -1 -1]
 [-1 -1 -1 -1 -1]
 [-1 -1 -1 -1 -1]]
  Pattern Lines:
    [-1]
    [-1 -1]
    [-1 -1 -1]
    [-1 -1 -1 -1]
    [-1 -1 -1 -1 -1]
  Floor Line: [-1 -1 -1 -1 -1 -1 -1]

>>> Action chosen: (1, 0, 1) (Source: 1, Color: 0, Dest: 1)

==================== Round 4 | Player 0 to move ====================
Factories:
[[0 0 0 0 0]
 [0 0 0 0 0]
 [3 0 0 0 1]
 [1 0 0 2 1]
 [0 0 1 2 1]]
Center: [0 0 2 2 1] (First token: True)
Player 0 Score: -21
  Wall:
[[ 0 -1 -1  3 -1]
 [-1 -1  1  2 -1]
 [-1 -1 -1 -1  2]
 [-1 -1  4 -1 -1]
 [-1 -1 -1 -1 -1]]
  Pattern Lines:
    [-1]
    [ 0 -1]
    [-1 -1 -1]
    [-1 -1 -1 -1]
    [-1 -1 -1 -1 -1]
  Floor Line: [-1 -1 -1 -1 -1 -1 -1]
Player 1 Score: -30
  Wall:
[[ 0  1 -1 -1  4]
 [-1 -1  1 -1  3]
 [ 3 -1 -1 -1 -1]
 [-1 -1 -1 -1 -1]
 [-1 -1 -1 -1 -1]]
  Pattern Lines:
    [-1]
    [0 0]
    [-1 -1 -1]
    [-1 -1 -1 -1]
    [-1 -1 -1 -1 -1]
  Floor Line: [-1 -1 -1 -1 -1 -1 -1]

>>> Action chosen: (2, 0, 1) (Source: 2, Color: 0, Dest: 1)

==================== Round 4 | Player 1 to move ====================
Factories:
[[0 0 0 0 0]
 [0 0 0 0 0]
 [0 0 0 0 0]
 [1 0 0 2 1]
 [0 0 1 2 1]]
Center: [0 0 2 2 2] (First token: True)
Player 0 Score: -21
  Wall:
[[ 0 -1 -1  3 -1]
 [-1 -1  1  2 -1]
 [-1 -1 -1 -1  2]
 [-1 -1  4 -1 -1]
 [-1 -1 -1 -1 -1]]
  Pattern Lines:
    [-1]
    [0 0]
    [-1 -1 -1]
    [-1 -1 -1 -1]
    [-1 -1 -1 -1 -1]
  Floor Line: [ 0  0 -1 -1 -1 -1 -1]
Player 1 Score: -30
  Wall:
[[ 0  1 -1 -1  4]
 [-1 -1  1 -1  3]
 [ 3 -1 -1 -1 -1]
 [-1 -1 -1 -1 -1]
 [-1 -1 -1 -1 -1]]
  Pattern Lines:
    [-1]
    [0 0]
    [-1 -1 -1]
    [-1 -1 -1 -1]
    [-1 -1 -1 -1 -1]
  Floor Line: [-1 -1 -1 -1 -1 -1 -1]

>>> Action chosen: (3, 0, 1) (Source: 3, Color: 0, Dest: 1)

==================== Round 4 | Player 0 to move ====================
Factories:
[[0 0 0 0 0]
 [0 0 0 0 0]
 [0 0 0 0 0]
 [0 0 0 0 0]
 [0 0 1 2 1]]
Center: [0 0 2 4 3] (First token: True)
Player 0 Score: -21
  Wall:
[[ 0 -1 -1  3 -1]
 [-1 -1  1  2 -1]
 [-1 -1 -1 -1  2]
 [-1 -1  4 -1 -1]
 [-1 -1 -1 -1 -1]]
  Pattern Lines:
    [-1]
    [0 0]
    [-1 -1 -1]
    [-1 -1 -1 -1]
    [-1 -1 -1 -1 -1]
  Floor Line: [ 0  0 -1 -1 -1 -1 -1]
Player 1 Score: -30
  Wall:
[[ 0  1 -1 -1  4]
 [-1 -1  1 -1  3]
 [ 3 -1 -1 -1 -1]
 [-1 -1 -1 -1 -1]
 [-1 -1 -1 -1 -1]]
  Pattern Lines:
    [-1]
    [0 0]
    [-1 -1 -1]
    [-1 -1 -1 -1]
    [-1 -1 -1 -1 -1]
  Floor Line: [ 0 -1 -1 -1 -1 -1 -1]

>>> Action chosen: (4, 2, 0) (Source: 4, Color: 2, Dest: 0)

==================== Round 4 | Player 1 to move ====================
Factories:
[[0 0 0 0 0]
 [0 0 0 0 0]
 [0 0 0 0 0]
 [0 0 0 0 0]
 [0 0 0 0 0]]
Center: [0 0 2 6 4] (First token: True)
Player 0 Score: -21
  Wall:
[[ 0 -1 -1  3 -1]
 [-1 -1  1  2 -1]
 [-1 -1 -1 -1  2]
 [-1 -1  4 -1 -1]
 [-1 -1 -1 -1 -1]]
  Pattern Lines:
    [2]
    [0 0]
    [-1 -1 -1]
    [-1 -1 -1 -1]
    [-1 -1 -1 -1 -1]
  Floor Line: [ 0  0 -1 -1 -1 -1 -1]
Player 1 Score: -30
  Wall:
[[ 0  1 -1 -1  4]
 [-1 -1  1 -1  3]
 [ 3 -1 -1 -1 -1]
 [-1 -1 -1 -1 -1]
 [-1 -1 -1 -1 -1]]
  Pattern Lines:
    [-1]
    [0 0]
    [-1 -1 -1]
    [-1 -1 -1 -1]
    [-1 -1 -1 -1 -1]
  Floor Line: [ 0 -1 -1 -1 -1 -1 -1]

>>> Action chosen: (5, 2, 0) (Source: 5, Color: 2, Dest: 0)

==================== Round 4 | Player 0 to move ====================
Factories:
[[0 0 0 0 0]
 [0 0 0 0 0]
 [0 0 0 0 0]
 [0 0 0 0 0]
 [0 0 0 0 0]]
Center: [0 0 0 6 4] (First token: False)
Player 0 Score: -21
  Wall:
[[ 0 -1 -1  3 -1]
 [-1 -1  1  2 -1]
 [-1 -1 -1 -1  2]
 [-1 -1  4 -1 -1]
 [-1 -1 -1 -1 -1]]
  Pattern Lines:
    [2]
    [0 0]
    [-1 -1 -1]
    [-1 -1 -1 -1]
    [-1 -1 -1 -1 -1]
  Floor Line: [ 0  0 -1 -1 -1 -1 -1]
Player 1 Score: -30
  Wall:
[[ 0  1 -1 -1  4]
 [-1 -1  1 -1  3]
 [ 3 -1 -1 -1 -1]
 [-1 -1 -1 -1 -1]
 [-1 -1 -1 -1 -1]]
  Pattern Lines:
    [2]
    [0 0]
    [-1 -1 -1]
    [-1 -1 -1 -1]
    [-1 -1 -1 -1 -1]
  Floor Line: [ 0  5  2 -1 -1 -1 -1]

>>> Action chosen: (5, 3, 2) (Source: 5, Color: 3, Dest: 2)

==================== Round 4 | Player 1 to move ====================
Factories:
[[0 0 0 0 0]
 [0 0 0 0 0]
 [0 0 0 0 0]
 [0 0 0 0 0]
 [0 0 0 0 0]]
Center: [0 0 0 0 4] (First token: False)
Player 0 Score: -21
  Wall:
[[ 0 -1 -1  3 -1]
 [-1 -1  1  2 -1]
 [-1 -1 -1 -1  2]
 [-1 -1  4 -1 -1]
 [-1 -1 -1 -1 -1]]
  Pattern Lines:
    [2]
    [0 0]
    [3 3 3]
    [-1 -1 -1 -1]
    [-1 -1 -1 -1 -1]
  Floor Line: [ 0  0  3  3  3 -1 -1]
Player 1 Score: -30
  Wall:
[[ 0  1 -1 -1  4]
 [-1 -1  1 -1  3]
 [ 3 -1 -1 -1 -1]
 [-1 -1 -1 -1 -1]
 [-1 -1 -1 -1 -1]]
  Pattern Lines:
    [2]
    [0 0]
    [-1 -1 -1]
    [-1 -1 -1 -1]
    [-1 -1 -1 -1 -1]
  Floor Line: [ 0  5  2 -1 -1 -1 -1]

>>> Action chosen: (5, 4, 2) (Source: 5, Color: 4, Dest: 2)

==================== Round 5 | Player 1 to move ====================
Factories:
[[1 1 0 0 2]
 [3 0 1 0 0]
 [1 0 2 0 1]
 [1 0 1 0 2]
 [0 3 1 0 0]]
Center: [0 0 0 0 0] (First token: True)
Player 0 Score: -21
  Wall:
[[ 0 -1  2  3 -1]
 [-1  0  1  2 -1]
 [ 3 -1 -1 -1  2]
 [-1 -1  4 -1 -1]
 [-1 -1 -1 -1 -1]]
  Pattern Lines:
    [-1]
    [-1 -1]
    [-1 -1 -1]
    [-1 -1 -1 -1]
    [-1 -1 -1 -1 -1]
  Floor Line: [-1 -1 -1 -1 -1 -1 -1]
Player 1 Score: -22
  Wall:
[[ 0  1  2 -1  4]
 [-1  0  1 -1  3]
 [ 3  4 -1 -1 -1]
 [-1 -1 -1 -1 -1]
 [-1 -1 -1 -1 -1]]
  Pattern Lines:
    [-1]
    [-1 -1]
    [-1 -1 -1]
    [-1 -1 -1 -1]
    [-1 -1 -1 -1 -1]
  Floor Line: [-1 -1 -1 -1 -1 -1 -1]

>>> Action chosen: (0, 0, 2) (Source: 0, Color: 0, Dest: 2)

==================== Round 5 | Player 0 to move ====================
Factories:
[[0 0 0 0 0]
 [3 0 1 0 0]
 [1 0 2 0 1]
 [1 0 1 0 2]
 [0 3 1 0 0]]
Center: [0 1 0 0 2] (First token: True)
Player 0 Score: -21
  Wall:
[[ 0 -1  2  3 -1]
 [-1  0  1  2 -1]
 [ 3 -1 -1 -1  2]
 [-1 -1  4 -1 -1]
 [-1 -1 -1 -1 -1]]
  Pattern Lines:
    [-1]
    [-1 -1]
    [-1 -1 -1]
    [-1 -1 -1 -1]
    [-1 -1 -1 -1 -1]
  Floor Line: [-1 -1 -1 -1 -1 -1 -1]
Player 1 Score: -22
  Wall:
[[ 0  1  2 -1  4]
 [-1  0  1 -1  3]
 [ 3  4 -1 -1 -1]
 [-1 -1 -1 -1 -1]
 [-1 -1 -1 -1 -1]]
  Pattern Lines:
    [-1]
    [-1 -1]
    [ 0 -1 -1]
    [-1 -1 -1 -1]
    [-1 -1 -1 -1 -1]
  Floor Line: [-1 -1 -1 -1 -1 -1 -1]

>>> Action chosen: (1, 0, 2) (Source: 1, Color: 0, Dest: 2)

==================== Round 5 | Player 1 to move ====================
Factories:
[[0 0 0 0 0]
 [0 0 0 0 0]
 [1 0 2 0 1]
 [1 0 1 0 2]
 [0 3 1 0 0]]
Center: [0 1 1 0 2] (First token: True)
Player 0 Score: -21
  Wall:
[[ 0 -1  2  3 -1]
 [-1  0  1  2 -1]
 [ 3 -1 -1 -1  2]
 [-1 -1  4 -1 -1]
 [-1 -1 -1 -1 -1]]
  Pattern Lines:
    [-1]
    [-1 -1]
    [0 0 0]
    [-1 -1 -1 -1]
    [-1 -1 -1 -1 -1]
  Floor Line: [-1 -1 -1 -1 -1 -1 -1]
Player 1 Score: -22
  Wall:
[[ 0  1  2 -1  4]
 [-1  0  1 -1  3]
 [ 3  4 -1 -1 -1]
 [-1 -1 -1 -1 -1]
 [-1 -1 -1 -1 -1]]
  Pattern Lines:
    [-1]
    [-1 -1]
    [ 0 -1 -1]
    [-1 -1 -1 -1]
    [-1 -1 -1 -1 -1]
  Floor Line: [-1 -1 -1 -1 -1 -1 -1]

>>> Action chosen: (2, 0, 2) (Source: 2, Color: 0, Dest: 2)

==================== Round 5 | Player 0 to move ====================
Factories:
[[0 0 0 0 0]
 [0 0 0 0 0]
 [0 0 0 0 0]
 [1 0 1 0 2]
 [0 3 1 0 0]]
Center: [0 1 3 0 3] (First token: True)
Player 0 Score: -21
  Wall:
[[ 0 -1  2  3 -1]
 [-1  0  1  2 -1]
 [ 3 -1 -1 -1  2]
 [-1 -1  4 -1 -1]
 [-1 -1 -1 -1 -1]]
  Pattern Lines:
    [-1]
    [-1 -1]
    [0 0 0]
    [-1 -1 -1 -1]
    [-1 -1 -1 -1 -1]
  Floor Line: [-1 -1 -1 -1 -1 -1 -1]
Player 1 Score: -22
  Wall:
[[ 0  1  2 -1  4]
 [-1  0  1 -1  3]
 [ 3  4 -1 -1 -1]
 [-1 -1 -1 -1 -1]
 [-1 -1 -1 -1 -1]]
  Pattern Lines:
    [-1]
    [-1 -1]
    [ 0  0 -1]
    [-1 -1 -1 -1]
    [-1 -1 -1 -1 -1]
  Floor Line: [-1 -1 -1 -1 -1 -1 -1]

>>> Action chosen: (3, 0, 2) (Source: 3, Color: 0, Dest: 2)

==================== Round 5 | Player 1 to move ====================
Factories:
[[0 0 0 0 0]
 [0 0 0 0 0]
 [0 0 0 0 0]
 [0 0 0 0 0]
 [0 3 1 0 0]]
Center: [0 1 4 0 5] (First token: True)
Player 0 Score: -21
  Wall:
[[ 0 -1  2  3 -1]
 [-1  0  1  2 -1]
 [ 3 -1 -1 -1  2]
 [-1 -1  4 -1 -1]
 [-1 -1 -1 -1 -1]]
  Pattern Lines:
    [-1]
    [-1 -1]
    [0 0 0]
    [-1 -1 -1 -1]
    [-1 -1 -1 -1 -1]
  Floor Line: [ 0 -1 -1 -1 -1 -1 -1]
Player 1 Score: -22
  Wall:
[[ 0  1  2 -1  4]
 [-1  0  1 -1  3]
 [ 3  4 -1 -1 -1]
 [-1 -1 -1 -1 -1]
 [-1 -1 -1 -1 -1]]
  Pattern Lines:
    [-1]
    [-1 -1]
    [ 0  0 -1]
    [-1 -1 -1 -1]
    [-1 -1 -1 -1 -1]
  Floor Line: [-1 -1 -1 -1 -1 -1 -1]

>>> Action chosen: (4, 1, 3) (Source: 4, Color: 1, Dest: 3)

==================== Round 5 | Player 0 to move ====================
Factories:
[[0 0 0 0 0]
 [0 0 0 0 0]
 [0 0 0 0 0]
 [0 0 0 0 0]
 [0 0 0 0 0]]
Center: [0 1 5 0 5] (First token: True)
Player 0 Score: -21
  Wall:
[[ 0 -1  2  3 -1]
 [-1  0  1  2 -1]
 [ 3 -1 -1 -1  2]
 [-1 -1  4 -1 -1]
 [-1 -1 -1 -1 -1]]
  Pattern Lines:
    [-1]
    [-1 -1]
    [0 0 0]
    [-1 -1 -1 -1]
    [-1 -1 -1 -1 -1]
  Floor Line: [ 0 -1 -1 -1 -1 -1 -1]
Player 1 Score: -22
  Wall:
[[ 0  1  2 -1  4]
 [-1  0  1 -1  3]
 [ 3  4 -1 -1 -1]
 [-1 -1 -1 -1 -1]
 [-1 -1 -1 -1 -1]]
  Pattern Lines:
    [-1]
    [-1 -1]
    [ 0  0 -1]
    [ 1  1  1 -1]
    [-1 -1 -1 -1 -1]
  Floor Line: [-1 -1 -1 -1 -1 -1 -1]

>>> Action chosen: (5, 1, 0) (Source: 5, Color: 1, Dest: 0)

==================== Round 5 | Player 1 to move ====================
Factories:
[[0 0 0 0 0]
 [0 0 0 0 0]
 [0 0 0 0 0]
 [0 0 0 0 0]
 [0 0 0 0 0]]
Center: [0 0 5 0 5] (First token: False)
Player 0 Score: -21
  Wall:
[[ 0 -1  2  3 -1]
 [-1  0  1  2 -1]
 [ 3 -1 -1 -1  2]
 [-1 -1  4 -1 -1]
 [-1 -1 -1 -1 -1]]
  Pattern Lines:
    [1]
    [-1 -1]
    [0 0 0]
    [-1 -1 -1 -1]
    [-1 -1 -1 -1 -1]
  Floor Line: [ 0  5 -1 -1 -1 -1 -1]
Player 1 Score: -22
  Wall:
[[ 0  1  2 -1  4]
 [-1  0  1 -1  3]
 [ 3  4 -1 -1 -1]
 [-1 -1 -1 -1 -1]
 [-1 -1 -1 -1 -1]]
  Pattern Lines:
    [-1]
    [-1 -1]
    [ 0  0 -1]
    [ 1  1  1 -1]
    [-1 -1 -1 -1 -1]
  Floor Line: [-1 -1 -1 -1 -1 -1 -1]

>>> Action chosen: (5, 2, 1) (Source: 5, Color: 2, Dest: 1)

==================== Round 5 | Player 0 to move ====================
Factories:
[[0 0 0 0 0]
 [0 0 0 0 0]
 [0 0 0 0 0]
 [0 0 0 0 0]
 [0 0 0 0 0]]
Center: [0 0 0 0 5] (First token: False)
Player 0 Score: -21
  Wall:
[[ 0 -1  2  3 -1]
 [-1  0  1  2 -1]
 [ 3 -1 -1 -1  2]
 [-1 -1  4 -1 -1]
 [-1 -1 -1 -1 -1]]
  Pattern Lines:
    [1]
    [-1 -1]
    [0 0 0]
    [-1 -1 -1 -1]
    [-1 -1 -1 -1 -1]
  Floor Line: [ 0  5 -1 -1 -1 -1 -1]
Player 1 Score: -22
  Wall:
[[ 0  1  2 -1  4]
 [-1  0  1 -1  3]
 [ 3  4 -1 -1 -1]
 [-1 -1 -1 -1 -1]
 [-1 -1 -1 -1 -1]]
  Pattern Lines:
    [-1]
    [2 2]
    [ 0  0 -1]
    [ 1  1  1 -1]
    [-1 -1 -1 -1 -1]
  Floor Line: [ 2  2  2 -1 -1 -1 -1]

>>> Action chosen: (5, 4, 1) (Source: 5, Color: 4, Dest: 1)

==================== Round 6 | Player 0 to move ====================
Factories:
[[1 2 0 0 1]
 [0 0 1 1 2]
 [1 1 1 0 1]
 [1 1 0 0 2]
 [0 0 2 0 2]]
Center: [0 0 0 0 0] (First token: True)
Player 0 Score: -11
  Wall:
[[ 0  1  2  3 -1]
 [ 4  0  1  2 -1]
 [ 3 -1  0 -1  2]
 [-1 -1  4 -1 -1]
 [-1 -1 -1 -1 -1]]
  Pattern Lines:
    [-1]
    [-1 -1]
    [-1 -1 -1]
    [-1 -1 -1 -1]
    [-1 -1 -1 -1 -1]
  Floor Line: [-1 -1 -1 -1 -1 -1 -1]
Player 1 Score: -22
  Wall:
[[ 0  1  2 -1  4]
 [-1  0  1  2  3]
 [ 3  4 -1 -1 -1]
 [-1 -1 -1 -1 -1]
 [-1 -1 -1 -1 -1]]
  Pattern Lines:
    [-1]
    [-1 -1]
    [ 0  0 -1]
    [ 1  1  1 -1]
    [-1 -1 -1 -1 -1]
  Floor Line: [-1 -1 -1 -1 -1 -1 -1]

>>> Action chosen: (0, 0, 3) (Source: 0, Color: 0, Dest: 3)

==================== Round 6 | Player 1 to move ====================
Factories:
[[0 0 0 0 0]
 [0 0 1 1 2]
 [1 1 1 0 1]
 [1 1 0 0 2]
 [0 0 2 0 2]]
Center: [0 2 0 0 1] (First token: True)
Player 0 Score: -11
  Wall:
[[ 0  1  2  3 -1]
 [ 4  0  1  2 -1]
 [ 3 -1  0 -1  2]
 [-1 -1  4 -1 -1]
 [-1 -1 -1 -1 -1]]
  Pattern Lines:
    [-1]
    [-1 -1]
    [-1 -1 -1]
    [ 0 -1 -1 -1]
    [-1 -1 -1 -1 -1]
  Floor Line: [-1 -1 -1 -1 -1 -1 -1]
Player 1 Score: -22
  Wall:
[[ 0  1  2 -1  4]
 [-1  0  1  2  3]
 [ 3  4 -1 -1 -1]
 [-1 -1 -1 -1 -1]
 [-1 -1 -1 -1 -1]]
  Pattern Lines:
    [-1]
    [-1 -1]
    [ 0  0 -1]
    [ 1  1  1 -1]
    [-1 -1 -1 -1 -1]
  Floor Line: [-1 -1 -1 -1 -1 -1 -1]

>>> Action chosen: (2, 1, 3) (Source: 2, Color: 1, Dest: 3)

==================== Round 6 | Player 0 to move ====================
Factories:
[[0 0 0 0 0]
 [0 0 1 1 2]
 [0 0 0 0 0]
 [1 1 0 0 2]
 [0 0 2 0 2]]
Center: [1 2 1 0 2] (First token: True)
Player 0 Score: -11
  Wall:
[[ 0  1  2  3 -1]
 [ 4  0  1  2 -1]
 [ 3 -1  0 -1  2]
 [-1 -1  4 -1 -1]
 [-1 -1 -1 -1 -1]]
  Pattern Lines:
    [-1]
    [-1 -1]
    [-1 -1 -1]
    [ 0 -1 -1 -1]
    [-1 -1 -1 -1 -1]
  Floor Line: [-1 -1 -1 -1 -1 -1 -1]
Player 1 Score: -22
  Wall:
[[ 0  1  2 -1  4]
 [-1  0  1  2  3]
 [ 3  4 -1 -1 -1]
 [-1 -1 -1 -1 -1]
 [-1 -1 -1 -1 -1]]
  Pattern Lines:
    [-1]
    [-1 -1]
    [ 0  0 -1]
    [1 1 1 1]
    [-1 -1 -1 -1 -1]
  Floor Line: [-1 -1 -1 -1 -1 -1 -1]

>>> Action chosen: (3, 0, 3) (Source: 3, Color: 0, Dest: 3)

==================== Round 6 | Player 1 to move ====================
Factories:
[[0 0 0 0 0]
 [0 0 1 1 2]
 [0 0 0 0 0]
 [0 0 0 0 0]
 [0 0 2 0 2]]
Center: [1 3 1 0 4] (First token: True)
Player 0 Score: -11
  Wall:
[[ 0  1  2  3 -1]
 [ 4  0  1  2 -1]
 [ 3 -1  0 -1  2]
 [-1 -1  4 -1 -1]
 [-1 -1 -1 -1 -1]]
  Pattern Lines:
    [-1]
    [-1 -1]
    [-1 -1 -1]
    [ 0  0 -1 -1]
    [-1 -1 -1 -1 -1]
  Floor Line: [-1 -1 -1 -1 -1 -1 -1]
Player 1 Score: -22
  Wall:
[[ 0  1  2 -1  4]
 [-1  0  1  2  3]
 [ 3  4 -1 -1 -1]
 [-1 -1 -1 -1 -1]
 [-1 -1 -1 -1 -1]]
  Pattern Lines:
    [-1]
    [-1 -1]
    [ 0  0 -1]
    [1 1 1 1]
    [-1 -1 -1 -1 -1]
  Floor Line: [-1 -1 -1 -1 -1 -1 -1]

>>> Action chosen: (5, 1, 3) (Source: 5, Color: 1, Dest: 3)

==================== Round 6 | Player 0 to move ====================
Factories:
[[0 0 0 0 0]
 [0 0 1 1 2]
 [0 0 0 0 0]
 [0 0 0 0 0]
 [0 0 2 0 2]]
Center: [1 0 1 0 4] (First token: False)
Player 0 Score: -11
  Wall:
[[ 0  1  2  3 -1]
 [ 4  0  1  2 -1]
 [ 3 -1  0 -1  2]
 [-1 -1  4 -1 -1]
 [-1 -1 -1 -1 -1]]
  Pattern Lines:
    [-1]
    [-1 -1]
    [-1 -1 -1]
    [ 0  0 -1 -1]
    [-1 -1 -1 -1 -1]
  Floor Line: [-1 -1 -1 -1 -1 -1 -1]
Player 1 Score: -22
  Wall:
[[ 0  1  2 -1  4]
 [-1  0  1  2  3]
 [ 3  4 -1 -1 -1]
 [-1 -1 -1 -1 -1]
 [-1 -1 -1 -1 -1]]
  Pattern Lines:
    [-1]
    [-1 -1]
    [ 0  0 -1]
    [1 1 1 1]
    [-1 -1 -1 -1 -1]
  Floor Line: [ 5  1  1  1 -1 -1 -1]

>>> Action chosen: (5, 0, 3) (Source: 5, Color: 0, Dest: 3)

==================== Round 6 | Player 1 to move ====================
Factories:
[[0 0 0 0 0]
 [0 0 1 1 2]
 [0 0 0 0 0]
 [0 0 0 0 0]
 [0 0 2 0 2]]
Center: [0 0 1 0 4] (First token: False)
Player 0 Score: -11
  Wall:
[[ 0  1  2  3 -1]
 [ 4  0  1  2 -1]
 [ 3 -1  0 -1  2]
 [-1 -1  4 -1 -1]
 [-1 -1 -1 -1 -1]]
  Pattern Lines:
    [-1]
    [-1 -1]
    [-1 -1 -1]
    [ 0  0  0 -1]
    [-1 -1 -1 -1 -1]
  Floor Line: [-1 -1 -1 -1 -1 -1 -1]
Player 1 Score: -22
  Wall:
[[ 0  1  2 -1  4]
 [-1  0  1  2  3]
 [ 3  4 -1 -1 -1]
 [-1 -1 -1 -1 -1]
 [-1 -1 -1 -1 -1]]
  Pattern Lines:
    [-1]
    [-1 -1]
    [ 0  0 -1]
    [1 1 1 1]
    [-1 -1 -1 -1 -1]
  Floor Line: [ 5  1  1  1 -1 -1 -1]

>>> Action chosen: (1, 2, 4) (Source: 1, Color: 2, Dest: 4)

==================== Round 6 | Player 0 to move ====================
Factories:
[[0 0 0 0 0]
 [0 0 0 0 0]
 [0 0 0 0 0]
 [0 0 0 0 0]
 [0 0 2 0 2]]
Center: [0 0 1 1 6] (First token: False)
Player 0 Score: -11
  Wall:
[[ 0  1  2  3 -1]
 [ 4  0  1  2 -1]
 [ 3 -1  0 -1  2]
 [-1 -1  4 -1 -1]
 [-1 -1 -1 -1 -1]]
  Pattern Lines:
    [-1]
    [-1 -1]
    [-1 -1 -1]
    [ 0  0  0 -1]
    [-1 -1 -1 -1 -1]
  Floor Line: [-1 -1 -1 -1 -1 -1 -1]
Player 1 Score: -22
  Wall:
[[ 0  1  2 -1  4]
 [-1  0  1  2  3]
 [ 3  4 -1 -1 -1]
 [-1 -1 -1 -1 -1]
 [-1 -1 -1 -1 -1]]
  Pattern Lines:
    [-1]
    [-1 -1]
    [ 0  0 -1]
    [1 1 1 1]
    [ 2 -1 -1 -1 -1]
  Floor Line: [ 5  1  1  1 -1 -1 -1]

>>> Action chosen: (4, 2, 4) (Source: 4, Color: 2, Dest: 4)

==================== Round 6 | Player 1 to move ====================
Factories:
[[0 0 0 0 0]
 [0 0 0 0 0]
 [0 0 0 0 0]
 [0 0 0 0 0]
 [0 0 0 0 0]]
Center: [0 0 1 1 8] (First token: False)
Player 0 Score: -11
  Wall:
[[ 0  1  2  3 -1]
 [ 4  0  1  2 -1]
 [ 3 -1  0 -1  2]
 [-1 -1  4 -1 -1]
 [-1 -1 -1 -1 -1]]
  Pattern Lines:
    [-1]
    [-1 -1]
    [-1 -1 -1]
    [ 0  0  0 -1]
    [ 2  2 -1 -1 -1]
  Floor Line: [-1 -1 -1 -1 -1 -1 -1]
Player 1 Score: -22
  Wall:
[[ 0  1  2 -1  4]
 [-1  0  1  2  3]
 [ 3  4 -1 -1 -1]
 [-1 -1 -1 -1 -1]
 [-1 -1 -1 -1 -1]]
  Pattern Lines:
    [-1]
    [-1 -1]
    [ 0  0 -1]
    [1 1 1 1]
    [ 2 -1 -1 -1 -1]
  Floor Line: [ 5  1  1  1 -1 -1 -1]

>>> Action chosen: (5, 2, 4) (Source: 5, Color: 2, Dest: 4)

==================== Round 6 | Player 0 to move ====================
Factories:
[[0 0 0 0 0]
 [0 0 0 0 0]
 [0 0 0 0 0]
 [0 0 0 0 0]
 [0 0 0 0 0]]
Center: [0 0 0 1 8] (First token: False)
Player 0 Score: -11
  Wall:
[[ 0  1  2  3 -1]
 [ 4  0  1  2 -1]
 [ 3 -1  0 -1  2]
 [-1 -1  4 -1 -1]
 [-1 -1 -1 -1 -1]]
  Pattern Lines:
    [-1]
    [-1 -1]
    [-1 -1 -1]
    [ 0  0  0 -1]
    [ 2  2 -1 -1 -1]
  Floor Line: [-1 -1 -1 -1 -1 -1 -1]
Player 1 Score: -22
  Wall:
[[ 0  1  2 -1  4]
 [-1  0  1  2  3]
 [ 3  4 -1 -1 -1]
 [-1 -1 -1 -1 -1]
 [-1 -1 -1 -1 -1]]
  Pattern Lines:
    [-1]
    [-1 -1]
    [ 0  0 -1]
    [1 1 1 1]
    [ 2  2 -1 -1 -1]
  Floor Line: [ 5  1  1  1 -1 -1 -1]

>>> Action chosen: (5, 3, 1) (Source: 5, Color: 3, Dest: 1)

==================== Round 6 | Player 1 to move ====================
Factories:
[[0 0 0 0 0]
 [0 0 0 0 0]
 [0 0 0 0 0]
 [0 0 0 0 0]
 [0 0 0 0 0]]
Center: [0 0 0 0 8] (First token: False)
Player 0 Score: -11
  Wall:
[[ 0  1  2  3 -1]
 [ 4  0  1  2 -1]
 [ 3 -1  0 -1  2]
 [-1 -1  4 -1 -1]
 [-1 -1 -1 -1 -1]]
  Pattern Lines:
    [-1]
    [ 3 -1]
    [-1 -1 -1]
    [ 0  0  0 -1]
    [ 2  2 -1 -1 -1]
  Floor Line: [-1 -1 -1 -1 -1 -1 -1]
Player 1 Score: -22
  Wall:
[[ 0  1  2 -1  4]
 [-1  0  1  2  3]
 [ 3  4 -1 -1 -1]
 [-1 -1 -1 -1 -1]
 [-1 -1 -1 -1 -1]]
  Pattern Lines:
    [-1]
    [-1 -1]
    [ 0  0 -1]
    [1 1 1 1]
    [ 2  2 -1 -1 -1]
  Floor Line: [ 5  1  1  1 -1 -1 -1]

>>> Action chosen: (5, 4, 1) (Source: 5, Color: 4, Dest: 1)

==============================
=== GAME OVER ===
==============================

==================== Round 7 | Player 1 to move ====================
Factories:
[[0 0 0 0 0]
 [0 0 0 0 0]
 [0 0 0 0 0]
 [0 0 0 0 0]
 [0 0 0 0 0]]
Center: [0 0 0 0 0] (First token: False)
Player 0 Score: -11
  Wall:
[[ 0  1  2  3 -1]
 [ 4  0  1  2 -1]
 [ 3 -1  0 -1  2]
 [-1 -1  4 -1 -1]
 [-1 -1 -1 -1 -1]]
  Pattern Lines:
    [-1]
    [ 3 -1]
    [-1 -1 -1]
    [ 0  0  0 -1]
    [ 2  2 -1 -1 -1]
  Floor Line: [-1 -1 -1 -1 -1 -1 -1]
Player 1 Score: -15
  Wall:
[[ 0  1  2 -1  4]
 [ 4  0  1  2  3]
 [ 3  4 -1 -1 -1]
 [-1 -1 -1 -1  1]
 [-1 -1 -1 -1 -1]]
  Pattern Lines:
    [-1]
    [-1 -1]
    [ 0  0 -1]
    [-1 -1 -1 -1]
    [ 2  2 -1 -1 -1]
  Floor Line: [-1 -1 -1 -1 -1 -1 -1]
Winners: Player [0]
Final Scores: [-11, -15]
